MeshCount: 1
TotalVertexCount: 10
TotalIndexCount: 48
MeshData
Name: LowCone
HasObjGuid:  10265909937564263830
VertexCount: 10
IndexCount: 48
MeshType: 0
VerticesData
P: 0 0 0
N: 0 1 0
U: 0 0
T: 1 0 0
P: 0 -1 0
N: 0 -1 0
U: 0 1
T: 1 0 0
P: 0.707107 -1 0.707107
N: 0.707107 0 0.707107
U: 0 0
T: -0.707107 0 0.707107
P: -4.37114e-08 -1 1
N: -4.37114e-08 0 1
U: 0 0
T: -1 0 -4.37114e-08
P: -0.707107 -1 0.707107
N: -0.707107 0 0.707107
U: 0 0
T: -0.707107 0 -0.707107
P: -1 -1 -8.74228e-08
N: -1 0 -8.74228e-08
U: 0 0
T: 8.74228e-08 0 -1
P: -0.707107 -1 -0.707107
N: -0.707107 0 -0.707107
U: 0 0
T: 0.707107 0 -0.707107
P: 1.19249e-08 -1 -1
N: 1.19249e-08 0 -1
U: 0 0
T: 1 0 1.19249e-08
P: 0.707107 -1 -0.707107
N: 0.707107 0 -0.707107
U: 0 0
T: 0.707107 0 0.707107
P: 1 -1 1.74846e-07
N: 1 0 1.74846e-07
U: 0 0
T: -1.74846e-07 0 1
Index:
SpaceOffset: 8
VecCount: 48
Element
2 1 3 3 1 4 4 1 
5 5 1 6 6 1 7 7 
1 8 8 1 9 9 1 2 
2 0 3 3 0 4 4 0 
5 5 0 6 6 0 7 7 
0 8 8 0 9 9 0 2 
BBoxCenter: 0 -0.5 0
BBoxExtents: 1 0.5 1
SphereCenter: 0 -0.5 0
SphereRadius: 1.5
HasUV: 0
HasNormal: 0
MaterialData
0
HasObject: 1
Name: mLowCone
HasObjGuid: 6635037590590477919
TypeGuid: 4400418496207119915
