MeshCount: 1
TotalVertexCount: 6
TotalIndexCount: 12
MeshData
Name: SM_Floor_StairTop_2
HasObjGuid:  13705029625847822113
VertexCount: 6
IndexCount: 12
MeshType: 0
VerticesData
P: 9 2.3 16.5
N: 0.00392145 0.999985 -0.00392145
U: -0.332764 -0.101868
T: -0.999992 0.00392142 -1.53779e-05
P: 9 2.3 20.8
N: 0.00392145 0.999985 -0.00392145
U: -0.332764 1
T: -0.999992 0.00392142 -1.53779e-05
P: 3.15 2.3 20.8
N: 0.00392145 0.999985 -0.00392145
U: 1.16602 1
T: -0.999992 0.00392142 -1.53779e-05
P: 3.15 2.3 16.5
N: 0.00392145 0.999985 -0.00392145
U: 1.16602 -0.101868
T: -0.999992 0.00392142 -1.53779e-05
P: 2.5 2.3 20.8
N: 0.00392145 0.999985 -0.00392145
U: 1.33203 1
T: -0.999992 0.00392142 -1.53779e-05
P: 2.5 2.3 16.5
N: 0.00392145 0.999985 -0.00392145
U: 1.33203 -0.101868
T: -0.999992 0.00392142 -1.53779e-05
Index:
SpaceOffset: 8
VecCount: 12
Element
3 5 4 4 2 3 0 3 
2 2 1 0 
BBoxCenter: 5.75 2.3 18.65
BBoxExtents: 3.25 0 2.15
SphereCenter: 5.75 2.3 18.65
SphereRadius: 3.89679
HasUV: 1
HasNormal: 1
MaterialData
0
HasObject: 1
Name: M_FloorTiles1_Inst
HasObjGuid: 4421661361980160668
TypeGuid: 4400418496207119915
